2.540000000000000036e-01
-2.230000000000000038e-01
-4.849999999999999867e-01
-9.240000000000000435e-01
-9.599999999999999645e-01
3.350000000000000200e-01
3.800000000000000044e-01
7.730000000000000204e-01
-3.449999999999999734e-01
-9.150000000000000355e-01
8.659999999999999920e-01
-1.189999999999999947e-01
2.260000000000000064e-01
-4.660000000000000253e-01
-7.149999999999999689e-01
-2.079999999999999905e-01
1.710000000000000062e-02
9.799999999999999822e-01
-7.249999999999999778e-01
2.610000000000000098e-01
6.410000000000000142e-01
-6.540000000000000258e-01
-4.209999999999999853e-02
-7.199999999999999734e-01
6.690000000000000391e-01
3.480000000000000020e-04
-5.799999999999999600e-01
-9.000000000000000222e-01
4.069999999999999729e-01
5.210000000000000187e-01
-5.890000000000000097e-02
8.060000000000000497e-01
-2.300000000000000100e-01
-1.260000000000000009e-01
-9.379999999999999449e-01
-4.610000000000000209e-01
9.170000000000000373e-01
2.249999999999999917e-02
6.250000000000000000e-01
2.230000000000000038e-01
7.700000000000000178e-01
-7.109999999999999654e-01
7.129999999999999671e-01
-3.390000000000000235e-01
-1.600000000000000033e-01
8.770000000000000018e-01
-3.639999999999999902e-01
1.010000000000000064e-01
9.569999999999999618e-01
3.880000000000000115e-01
-2.730000000000000204e-01
8.940000000000000169e-01
-5.540000000000000480e-01
9.260000000000000453e-01
-4.979999999999999982e-01
-8.810000000000000053e-01
-3.280000000000000276e-02
-2.670000000000000151e-01
-1.959999999999999937e-02
9.160000000000000364e-01
-3.709999999999999964e-01
-4.799999999999999822e-01
5.839999999999999636e-01
5.450000000000000400e-01
-7.890000000000000346e-01
1.150000000000000050e-01
-3.350000000000000200e-01
-4.789999999999999813e-01
5.000000000000000000e-01
8.490000000000000324e-02
8.030000000000000471e-01
-3.599999999999999728e-02
-3.800000000000000044e-01
-6.239999999999999991e-01
9.479999999999999538e-01
-9.130000000000000338e-01
6.560000000000000275e-01
-7.379999999999999893e-01
-4.789999999999999813e-01
-1.960000000000000075e-01
1.729999999999999871e-01
9.499999999999999556e-01
-5.590000000000000524e-01
9.749999999999999778e-01
9.849999999999999867e-01
-2.979999999999999871e-01
-6.019999999999999796e-01
-3.930000000000000160e-01
-3.330000000000000182e-01
-3.669999999999999929e-01
-9.729999999999999760e-01
3.509999999999999787e-01
-2.810000000000000275e-01
9.709999999999999742e-01
-1.539999999999999980e-01
-6.320000000000000062e-01
4.829999999999999849e-01
7.309999999999999831e-01
-6.350000000000000089e-01
8.269999999999999574e-01
4.779999999999999805e-01
3.270000000000000129e-01
-1.769999999999999907e-01
8.830000000000000071e-01
5.829999999999999627e-01
-2.300000000000000100e-01
4.909999999999999920e-01
5.530000000000000471e-01
2.780000000000000249e-01
-1.319999999999999993e-02
-6.429999999999999952e-03
-2.250000000000000056e-01
3.770000000000000018e-01
-2.839999999999999747e-01
-1.549999999999999989e-01
-9.959999999999999964e-01
8.590000000000000413e-03
-8.249999999999999556e-01
1.920000000000000040e-01
8.309999999999999609e-01
-7.760000000000000231e-01
7.039999999999999591e-01
-5.299999999999999850e-02
2.640000000000000124e-01
2.879999999999999782e-01
-7.520000000000000018e-01
-8.419999999999999707e-01
-5.649999999999999467e-01
-1.899999999999999953e-02
-3.549999999999999822e-01
-2.979999999999999871e-01
9.649999999999999689e-01
1.719999999999999862e-01
-6.580000000000000293e-01
-3.709999999999999964e-01
7.399999999999999911e-01
6.330000000000000071e-01
-4.959999999999999964e-01
7.530000000000000027e-01
3.769999999999999740e-02
-6.610000000000000320e-01
1.759999999999999898e-01
-8.429999999999999716e-01
-2.670000000000000151e-01
-2.489999999999999991e-01
-8.019999999999999352e-02
-4.780000000000000221e-02
4.869999999999999885e-01
-3.869999999999999829e-02
-1.949999999999999997e-02
1.759999999999999898e-01
-2.939999999999999836e-01
6.690000000000000391e-01
-7.279999999999999805e-01
-2.829999999999999738e-01
2.560000000000000053e-01
4.669999999999999846e-02
6.109999999999999876e-01
-8.169999999999999485e-01
7.699999999999999900e-02
1.980000000000000093e-01
-7.369999999999999885e-01
-4.789999999999999813e-01
8.709999999999999964e-01
3.860000000000000098e-01
6.119999999999999885e-01
8.629999999999999893e-01
7.880000000000000338e-01
-2.700000000000000178e-01
-3.549999999999999822e-01
8.259999999999999565e-01
-1.469999999999999918e-01
-6.660000000000000364e-01
2.610000000000000098e-01
4.909999999999999920e-01
2.889999999999999791e-01
6.670000000000000373e-01
-9.090000000000000302e-01
-4.329999999999999960e-01
-6.099999999999999867e-01
9.419999999999999485e-01
5.899999999999999689e-01
-8.459999999999999742e-01
2.349999999999999867e-01
7.169999999999999707e-01
-9.929999999999999938e-01
2.570000000000000062e-01
-1.880000000000000004e-01
-8.920000000000000151e-01
-9.639999999999999680e-01
-6.700000000000000400e-01
1.029999999999999943e-01
5.799999999999999600e-01
-5.749999999999999556e-01
4.479999999999999954e-02
-3.549999999999999822e-01
-1.890000000000000013e-01
-7.429999999999999938e-01
6.089999999999999858e-01
-6.860000000000000542e-01
-7.810000000000000275e-01
-9.329999999999999405e-02
1.320000000000000062e-01
8.349999999999999645e-01
-3.910000000000000142e-01
3.679999999999999938e-01
3.330000000000000182e-01
-3.420000000000000262e-01
-5.370000000000000329e-01
3.119999999999999996e-01
-4.869999999999999885e-01
4.719999999999999751e-01
9.080000000000000293e-01
7.600000000000000089e-01
-5.739999999999999547e-01
-8.890000000000000124e-01
9.550000000000000155e-02
4.560000000000000164e-01
6.159999999999999920e-01
5.330000000000000293e-01
8.449999999999999734e-01
-9.639999999999999680e-01
7.780000000000000249e-01
4.000000000000000083e-02
4.450000000000000067e-01
-8.369999999999999662e-01
-1.829999999999999960e-01
4.089999999999999886e-02
5.949999999999999734e-01
7.550000000000000044e-01
-2.939999999999999905e-02
2.489999999999999852e-02
4.299999999999999933e-01
3.619999999999999885e-01
2.099999999999999922e-01
-9.030000000000000249e-01
-6.330000000000000071e-01
4.650000000000000244e-01
-3.860000000000000098e-01
5.709999999999999520e-01
-1.019999999999999934e-01
-8.970000000000000195e-01
-1.829999999999999960e-01
7.990000000000000435e-01
2.909999999999999809e-01
-7.600000000000000089e-01
4.209999999999999853e-01
8.359999999999999654e-01
5.500000000000000444e-01
1.430000000000000021e-02
-9.210000000000000409e-01
5.759999999999999842e-02
-3.669999999999999929e-01
-3.579999999999999849e-01
-4.329999999999999960e-01
-3.569999999999999840e-01
-9.290000000000000480e-01
6.189999999999999669e-02
9.160000000000000364e-01
1.570000000000000007e-01
8.200000000000000344e-02
7.089999999999999636e-01
4.580000000000000182e-01
4.869999999999999885e-01
-9.829999999999999849e-01
